250209.604352	3688242.869804
250209.750543	3688242.745033
250209.899145	3688242.618194
250210.040747	3688242.487485
250210.193852	3688242.365141
250210.339783	3688242.236898
250210.489556	3688242.106218
250210.640229	3688241.979203
250210.786093	3688241.845048
250210.935609	3688241.715654
250211.087467	3688241.586091
250211.235432	3688241.460796
250211.394248	3688241.348283
250211.56494	3688241.2567
250211.743432	3688241.170001
250211.918049	3688241.094333
250212.093536	3688241.016497
250212.278192	3688240.950316
250212.461563	3688240.878532
250212.64538	3688240.807802
250212.834465	3688240.751024
250213.008652	3688240.667786
250213.193628	3688240.619159
250213.379278	3688240.561295
250213.566902	3688240.496971
250213.752983	3688240.430382
250213.943826	3688240.373217
250214.129994	3688240.305444
250214.312548	3688240.231006
250214.495027	3688240.152005
250214.672094	3688240.064943
250214.832576	3688239.955532
250215.001234	3688239.849756
250215.175713	3688239.767865
250215.343254	3688239.662874
250215.517669	3688239.57093
250215.684233	3688239.466076
250215.846763	3688239.353994
250216.014579	3688239.252587
250216.17005	3688239.13053
250216.324258	3688239.009465
250216.475074	3688238.881871
250216.633404	3688238.764274
250216.795681	3688238.653786
250216.946049	3688238.529242
250217.095032	3688238.408486
250217.250819	3688238.28594
250217.404826	3688238.167443
250217.553206	3688238.034628
250217.714446	3688237.923001
250217.864308	3688237.797603
250218.018951	3688237.676705
250218.17053	3688237.54946
250218.314123	3688237.423696
250218.459423	3688237.288932
250218.602496	3688237.154491
250218.747455	3688237.018154
250218.892066	3688236.884343
250219.030596	3688236.743805
250219.161698	3688236.601302
250219.306426	3688236.464033
250219.445734	3688236.329329
250219.580441	3688236.192118
250219.71902	3688236.050901
250219.861008	3688235.91404
250220.002895	3688235.785326
250220.14181	3688235.649084
250220.281943	3688235.51414
250220.418054	3688235.371196
250220.560449	3688235.238208
250220.694021	3688235.101164
250220.815557	3688234.946287
250220.957512	3688234.811499
250221.085695	3688234.670681
250221.232668	3688234.538107
250221.374012	3688234.400378
250221.504353	3688234.25451
250221.637083	3688234.11018
250221.767578	3688233.963667
250221.891199	3688233.808513
250222.014239	3688233.654087
250222.134693	3688233.502908
250222.248251	3688233.340275
250222.362428	3688233.178916
250222.482311	3688233.024723
250222.587273	3688232.862334
250222.697135	3688232.699638
250222.781009	3688232.521928
250222.879229	3688232.350671
250222.965611	3688232.175783
250223.059381	3688232.005547
250223.1491	3688231.829816
250223.260088	3688231.669654
250223.349546	3688231.499738
250223.434314	3688231.319839
250223.496505	3688231.144549
250223.580565	3688230.972082
250223.671422	3688230.795247
250223.766246	3688230.622138
250223.826793	3688230.434695
250223.921357	3688230.260466
250224.000905	3688230.082688
250224.080444	3688229.903213
250224.165108	3688229.727639
250224.247856	3688229.549145
250224.343793	3688229.377553
250224.432703	3688229.201912
250224.520893	3688229.026547
250224.628044	3688228.861044
250224.722438	3688228.686516
250224.835838	3688228.52889
250224.957308	3688228.371466
250225.07956	3688228.222999
250225.204678	3688228.077538
250225.336987	3688227.935342
250225.465049	3688227.783939
250225.593832	3688227.634793
250225.716421	3688227.48142
250225.846931	3688227.33885
250225.996223	3688227.210339
250226.131962	3688227.070109
250226.27496	3688226.932708
250226.402841	3688226.788114
250226.54449	3688226.656987
250226.692483	3688226.534402
250226.839263	3688226.40494
250226.983993	3688226.277733
250227.120638	3688226.137411
250227.248082	3688225.997474
250227.391259	3688225.874316
250227.55409	3688225.760136
250227.71086	3688225.640958
250227.869733	3688225.523076
250228.035963	3688225.421262
250228.207665	3688225.324129
250228.380741	3688225.229431
250228.555974	3688225.147416
250228.724535	3688225.050131
250228.906588	3688224.974721
250229.092849	3688224.906357
250229.27183	3688224.836126
250229.454642	3688224.770107
250229.635117	3688224.704575
250229.814142	3688224.630574
250230.002328	3688224.573033
250230.192973	3688224.520265
250230.382716	3688224.466548
250230.571884	3688224.406188
250230.758227	3688224.354357
250230.942908	3688224.304109
250231.125743	3688224.253047
250231.318111	3688224.201966
250231.506417	3688224.149707
250231.693228	3688224.098638
250231.883296	3688224.048281
250232.063369	3688223.981741
250232.249276	3688223.932376
250232.439024	3688223.879383
250232.625549	3688223.813731
250232.811648	3688223.753622
250232.991725	3688223.682949
250233.168918	3688223.590938
250233.346876	3688223.50555
250233.517627	3688223.401622
250233.681668	3688223.289254
250233.835048	3688223.16884
250233.99565	3688223.057706
250234.141926	3688222.932282
250234.28726	3688222.79879
250234.432226	3688222.667407
250234.554091	3688222.514457
250234.679913	3688222.370163
250234.781077	3688222.201723
250234.879032	3688222.038045
250234.961482	3688221.85688
250235.041179	3688221.673646
250235.13745	3688221.503555
250235.209991	3688221.318561
250235.275522	3688221.13058
250235.333911	3688220.944773
250235.385468	3688220.758666
250235.420788	3688220.562465
250235.450499	3688220.367063
250235.481048	3688220.171442
250235.516444	3688219.980094
250235.548342	3688219.784471
250235.570785	3688219.589661
250235.559416	3688219.398859
250235.565992	3688219.200393
250235.56068	3688219.000773
250235.555771	3688218.809927
250235.550393	3688218.6113
250235.561108	3688218.413611
250235.556123	3688218.219862
250235.560633	3688218.02905
250235.574805	3688217.833735
250235.588773	3688217.637031
250235.602299	3688217.443142
250235.608731	3688217.245931
250235.603627	3688217.04755
250235.611915	3688216.852303
250235.593773	3688216.664511
250235.588817	3688216.471868
250235.583648	3688216.274943
250235.594548	3688216.076124
250235.589322	3688215.887725
250235.58428	3688215.69175
250235.571668	3688215.492497
250235.546453	3688215.303566
250235.538369	3688215.105182
250235.511393	3688214.909291
250235.477118	3688214.717923
250235.442585	3688214.525112
250235.407746	3688214.330594
250235.372567	3688214.13458
250235.336494	3688213.941281
250235.310137	3688213.744688
250235.263176	3688213.560705
250235.240005	3688213.369863
250235.204422	3688213.17341
250235.175951	3688212.982974
250235.18328	3688212.783784
250235.167821	3688212.585766
250235.158016	3688212.388204
250235.137038	3688212.193849
250235.132146	3688212.003711
250235.122357	3688211.815817
250235.106582	3688211.618847
250235.093411	3688211.424517
250235.078242	3688211.235681
250235.060725	3688211.038828
250235.056968	3688210.839666
250235.066269	3688210.644349
250235.06105	3688210.447723
250235.055969	3688210.250202
250235.06554	3688210.051925
250235.089471	3688209.855896
250235.11311	3688209.667685
250235.128845	3688209.469126
250235.156778	3688209.271694
250235.191357	3688209.082953
250235.22324	3688208.887298
250235.252162	3688208.690781
250235.309138	3688208.502718
250235.341806	3688208.315227
250235.387399	3688208.1251
250235.440236	3688207.934655
250235.488297	3688207.749945
250235.530108	3688207.56389
250235.582158	3688207.38358
250235.652401	3688207.199958
250235.715876	3688207.015007
250235.781355	3688206.82859
250235.8488	3688206.642809
250235.930137	3688206.460643
250236.014844	3688206.287187
250236.091972	3688206.109815
250236.175438	3688205.936352
250236.248833	3688205.753438
250236.357261	3688205.597249
250236.4754	3688205.43795
250236.599611	3688205.295542
250236.733148	3688205.14909
250236.861423	3688205.000739
250236.997983	3688204.856121
250237.127996	3688204.705436
250237.266199	3688204.564175
250237.396508	3688204.418461
250237.553472	3688204.295146
250237.706833	3688204.176166
250237.867551	3688204.068677
250238.022346	3688203.947013
250238.175839	3688203.824461
250238.347904	3688203.724477
250238.509625	3688203.619073
250238.66597	3688203.511697
250238.827459	3688203.403482
250238.996272	3688203.297751
250239.150893	3688203.173248
250239.318713	3688203.069099
250239.486895	3688202.965002
250239.645856	3688202.850867
250239.809151	3688202.737704
250239.975586	3688202.637388
250240.137502	3688202.530093
250240.300939	3688202.418269
250240.460919	3688202.299973
250240.62552	3688202.194683
250240.788094	3688202.085987
250240.944668	3688201.975801
250241.107339	3688201.864732
250241.270424	3688201.759647
250241.432951	3688201.650557
250241.600156	3688201.546198
250241.769948	3688201.451458
250241.938318	3688201.354637
250242.110973	3688201.256823
250242.27745	3688201.150352
250242.44354	3688201.040375
250242.613179	3688200.939272
250242.78676	3688200.846761
250242.947679	3688200.740405
250243.104518	3688200.620876
250243.27624	3688200.526944
250243.439205	3688200.425183
250243.616946	3688200.33818
250243.779938	3688200.235621
250243.937844	3688200.11418
250244.110305	3688200.018089
250244.285545	3688199.936155
250244.464725	3688199.853999
250244.647832	3688199.781459
250244.821552	3688199.698305
250245.003284	3688199.617075
250245.182892	3688199.534412
250245.368091	3688199.460801
250245.549874	3688199.38438
250245.726981	3688199.301839
250245.907595	3688199.224767
250246.091515	3688199.146224
250246.268526	3688199.064746
250246.441958	3688198.966053
250246.620653	3688198.882813
250246.80416	3688198.80451
250246.988145	3688198.726256
250247.17067	3688198.66045
250247.351373	3688198.580969
250247.527144	3688198.490414
250247.710952	3688198.429722
250247.891836	3688198.352475
250248.07499	3688198.274259
250248.258143	3688198.196043
250248.439027	3688198.118796
250248.630259	3688198.074508
250248.813412	3688197.996292
250249.002978	3688197.934979
250249.197513	3688197.889466
250249.384889	3688197.830097
250249.570825	3688197.768058
250249.757189	3688197.709527
250249.950071	3688197.669036
250250.1434	3688197.628798
250250.338178	3688197.603691
250250.535589	3688197.581335
250250.728216	3688197.558578
250250.922664	3688197.526489
250251.113396	3688197.501905
250251.312283	3688197.488057
250251.507173	3688197.464076
250251.698525	3688197.440103
250251.893157	3688197.415865
250252.088029	3688197.394111
250252.28555	3688197.388815
250252.48113	3688197.402497
250252.674567	3688197.397521
250252.873007	3688197.392416
250253.064187	3688197.402981
250253.260277	3688197.382454
250253.4595	3688197.377329
250253.657082	3688197.375707
250253.855909	3688197.386153
250254.052088	3688197.380583
250254.242978	3688197.379339
250254.436979	3688197.391795
250254.635481	3688197.406581
250254.829792	3688197.427288
250255.023484	3688197.453336
250255.21807	3688197.483741
250255.416157	3688197.505493
250255.604037	3688197.5402
250255.79031	3688197.587613
250255.978818	3688197.637988
250256.164513	3688197.700171
250256.350148	3688197.765408
250256.533753	3688197.836766
250256.7132	3688197.916788
250256.881479	3688198.005239
250257.048697	3688198.099069
250257.228365	3688198.182677
250257.397516	3688198.285913
250257.56325	3688198.393333
250257.71495	3688198.519771
250257.858388	3688198.653941
250258.002063	3688198.783118
250258.125462	3688198.939962
250258.241267	3688199.093588
250258.341203	3688199.261861
250258.435747	3688199.435844
250258.510042	3688199.61115
250258.564115	3688199.791193
250258.616417	3688199.975874
250258.666508	3688200.166666
250258.680473	3688200.36127
250258.701072	3688200.558209
250258.716635	3688200.755511
250258.715322	3688200.952987
250258.692212	3688201.146336
250258.66216	3688201.343866
250258.609053	3688201.531867
250258.548415	3688201.720242
250258.476097	3688201.905711
250258.377888	3688202.078764
250258.284555	3688202.247523
250258.164325	3688202.402461
250258.032059	3688202.550717
250257.884462	3688202.675516
250257.7295	3688202.792883
250257.552037	3688202.881126
250257.376457	3688202.954955
250257.189409	3688203.022216
250257.002051	3688203.075015
250256.808823	3688203.099622
250256.61294	3688203.123053
250256.416797	3688203.142929
250256.221485	3688203.151621
250256.023927	3688203.156703
250255.826117	3688203.161792
250255.626218	3688203.166934
250255.428822	3688203.172012
250255.229304	3688203.177016
250255.041251	3688203.20048
250254.849595	3688203.20541
250254.653705	3688203.191743
250254.456155	3688203.197033
250254.258541	3688203.202116
250254.058664	3688203.207258
250253.858792	3688203.2124
250253.661623	3688203.216844
250253.465166	3688203.204028
250253.265799	3688203.205489
250253.070213	3688203.19569
250252.872548	3688203.200775
250252.678124	3688203.187121
250252.479876	3688203.192628
250252.288222	3688203.17881
250252.091383	3688203.182849
250251.893898	3688203.163456
250251.698498	3688203.15575
250251.505402	3688203.143788
250251.316442	3688203.129818
250251.121428	3688203.134834
250250.923509	3688203.139926
250250.728939	3688203.172018
250250.532898	3688203.205347
250250.346046	3688203.251207
250250.15761	3688203.300331
250249.973466	3688203.369163
250249.787995	3688203.426787
250249.603251	3688203.50271
250249.422153	3688203.581725
250249.245185	3688203.669581
250249.081946	3688203.766496
250248.920374	3688203.879487
250248.758541	3688203.991298
250248.602602	3688204.110994
250248.466942	3688204.251308
250248.346503	3688204.408475
250248.237058	3688204.568957
250248.142504	3688204.740165
250248.055022	3688204.915498
250247.973097	3688205.096751
250247.907492	3688205.283999
250247.84523	3688205.464791
250247.792395	3688205.647692
250247.750428	3688205.842396
250247.72166	3688206.038507
250247.672973	3688206.228406
250247.656463	3688206.425607
250247.652863	3688206.62083
250247.658287	3688206.816291
250247.677963	3688207.007914
250247.703329	3688207.20246
250247.748884	3688207.394733
250247.802434	3688207.582299
250247.884764	3688207.754542
250247.970661	3688207.925429
250248.064237	3688208.101462
250248.169344	3688208.266903
250248.295225	3688208.412627
250248.428815	3688208.55575
250248.56269	3688208.691922
250248.71525	3688208.819508
250248.877196	3688208.926071
250249.044799	3688209.030136
250249.213539	3688209.122432
250249.391388	3688209.207021
250249.579746	3688209.269216
250249.76733	3688209.327916
250249.954928	3688209.373422
250250.151273	3688209.394062
250250.343372	3688209.411943
250250.542113	3688209.430441
250250.739239	3688209.44879
250250.934432	3688209.466958
250251.132079	3688209.485355
250251.325267	3688209.5027
250251.517386	3688209.528596
250251.714513	3688209.546944
250251.913253	3688209.565443
250252.107709	3688209.602467
250252.300338	3688209.621156
250252.492413	3688209.649879
250252.680304	3688209.684788
250252.875946	3688209.714837
250253.065106	3688209.756101
250253.250277	3688209.793495
250253.436961	3688209.830946
250253.628078	3688209.878732
250253.815095	3688209.927795
250254.004781	3688209.990112
250254.193938	3688210.039926
250254.372369	3688210.121513
250254.550528	3688210.197443
250254.731525	3688210.278763
250254.899765	3688210.374835
250255.057942	3688210.489058
250255.218906	3688210.594749
250255.386557	3688210.698133
250255.543912	3688210.81444
250255.697568	3688210.941971
250255.855797	3688211.059046
250255.994232	3688211.193785
250256.135922	3688211.334701
250256.254261	3688211.493933
250256.36292	3688211.659752
250256.440083	3688211.841388
250256.514986	3688212.017124
250256.593947	3688212.194695
250256.644715	3688212.384632
250256.675369	3688212.57863
250256.69596	3688212.776831
250256.690916	3688212.97301
250256.655036	3688213.168853
250256.615171	3688213.359518
250256.542596	3688213.543152
250256.455752	3688213.718525
250256.371826	3688213.892426
250256.252726	3688214.046685
250256.124649	3688214.199158
250255.977502	3688214.333312
250255.823941	3688214.458595
250255.661234	3688214.566333
250255.490765	3688214.666271
250255.323754	3688214.767143
250255.154122	3688214.859177
250254.987888	3688214.9627
250254.808553	3688215.043826
250254.629711	3688215.117084
250254.459456	3688215.206326
250254.268648	3688215.260271
250254.084739	3688215.331964
250253.888975	3688215.364757
250253.699485	3688215.394137
250253.504041	3688215.431473
250253.314872	3688215.467082
250253.115489	3688215.477144
250252.917735	3688215.467118
250252.725524	3688215.46853
250252.529778	3688215.451681
250252.333699	3688215.440819
250252.145024	3688215.405027
250251.946623	3688215.396395
250251.752052	3688215.375554
250251.55562	3688215.350593
250251.3609	3688215.338622
250251.16367	3688215.323877
250250.965128	3688215.328985
250250.766902	3688215.320382
250250.569579	3688215.298652
250250.371752	3688215.288919
250250.177878	3688215.262755
250249.986629	3688215.224671
250249.787044	3688215.227736
250249.593917	3688215.197778
250249.395372	3688215.184387
250249.197637	3688215.173623
250249.002299	3688215.150007
250248.804793	3688215.144086
250248.614832	3688215.11727
250248.421527	3688215.098452
250248.224328	3688215.097517
250248.024874	3688215.090158
250247.829127	3688215.095194
250247.637732	3688215.100118
250247.441159	3688215.084794
250247.247274	3688215.073542
250247.049538	3688215.059717
250246.850922	3688215.040628
250246.654224	3688215.033106
250246.459292	3688215.019446
250246.265218	3688215.00662
250246.068633	3688214.992406
250245.873665	3688214.979018
250245.6768	3688214.965462
250245.478362	3688214.952191
250245.284156	3688214.938689
250245.088809	3688214.943715
250244.891492	3688214.948791
250244.803503	3688215.046402
250244.795878	3688215.242903
250244.780116	3688215.432602
250244.583552	3688215.437237
250244.395027	3688215.473496
250244.205772	3688215.521369
250244.008806	3688215.546862
250243.819839	3688215.598009
250243.632796	3688215.64316
250243.444253	3688215.707441
250243.261642	3688215.783822
250243.081732	3688215.867172
250242.900824	3688215.945652
250242.718419	3688216.018737
250242.541415	3688216.109548
250242.362843	3688216.19324
250242.187585	3688216.281483
250242.008212	3688216.36544
250241.84035	3688216.466756
250241.667457	3688216.564975
250241.5134	3688216.682349
250241.356925	3688216.803732
250241.214441	3688216.935484
250241.083233	3688217.085983
250240.964181	3688217.245128
250240.868823	3688217.416767
250240.762072	3688217.582281
250240.683665	3688217.762905
250240.603081	3688217.943142
250240.545204	3688218.130581
250240.499273	3688218.322046
250240.474384	3688218.518861
250240.460158	3688218.71676
250240.424502	3688218.908601
250240.408739	3688219.105882
250240.402997	3688219.298866
250240.419805	3688219.496505
250240.424649	3688219.690859
250240.436883	3688219.886066
250240.460607	3688220.077136
250240.499189	3688220.266738
250240.54955	3688220.453663
250240.613718	3688220.63804
250240.67138	3688220.828708
250240.734917	3688221.017534
250240.820919	3688221.195551
250240.900765	3688221.372812
250240.982038	3688221.553243
250241.065125	3688221.729605
250241.148979	3688221.906429
250241.230278	3688222.086916
250241.303256	3688222.26636
250241.391362	3688222.443284
250241.475592	3688222.614092
250241.54992	3688222.798467
250241.636309	3688222.970892
250241.701731	3688223.154863
250241.762375	3688223.342288
250241.811695	3688223.532427
250241.84737	3688223.715845
250241.880354	3688223.903887
250241.889415	3688224.099541
250241.894481	3688224.296455
250241.881821	3688224.494534
250241.846807	3688224.685652
250241.798226	3688224.87816
250241.753929	3688225.066924
250241.693396	3688225.252821
250241.644481	3688225.446653
250241.584225	3688225.628652
250241.521461	3688225.81421
250241.463562	3688226.004297
250241.393203	3688226.186664
250241.297359	3688226.35802
250241.204554	3688226.534291
250241.109267	3688226.70731
250241.002729	3688226.872965
250240.905284	3688227.046281
250240.809633	3688227.216673
250240.705755	3688227.380619
250240.585962	3688227.538479
250240.467571	3688227.694449
250240.361824	3688227.857955
250240.237852	3688228.01355
250240.105135	3688228.155265
250239.971608	3688228.301466
250239.837421	3688228.439792
250239.708927	3688228.585762
250239.56368	3688228.722328
250239.429726	3688228.866291
250239.287839	3688229.003549
250239.148673	3688229.146898
250238.998643	3688229.278254
250238.84763	3688229.408704
250238.698505	3688229.540589
250238.542874	3688229.651147
250238.385781	3688229.768979
250238.241841	3688229.902774
250238.07491	3688229.995257
250237.910004	3688230.105878
250237.750481	3688230.22163
250237.576269	3688230.315876
250237.414074	3688230.41661
250237.241599	3688230.514022
250237.063115	3688230.600153
250236.887695	3688230.692213
250236.706638	3688230.768961
250236.534425	3688230.856742
250236.355078	3688230.935757
250236.169973	3688231.004595
250235.981032	3688231.067264
250235.793985	3688231.134525
250235.604574	3688231.194593
250235.416719	3688231.260641
250235.228948	3688231.316342
250235.042382	3688231.372001
250234.847664	3688231.409415
250234.657302	3688231.453208
250234.470905	3688231.497691
250234.281423	3688231.555413
250234.085185	3688231.584119
250233.898541	3688231.629664
250233.707146	3688231.681175
250233.513526	3688231.709906
250233.322941	3688231.765367
250233.127937	3688231.800725
250232.938876	3688231.856397
250232.746374	3688231.895801
250232.560031	3688231.955097
250232.374764	3688232.014935
250232.190939	3688232.082806
250232.003967	3688232.146508
250231.831997	3688232.240294
250231.658793	3688232.325333
250231.485101	3688232.419691
250231.298173	3688232.488954
250231.125144	3688232.580496
250230.95876	3688232.676306
250230.782515	3688232.755778
250230.60687	3688232.850708
250230.441362	3688232.948039
250230.282973	3688233.064809
250230.124817	3688233.178495
250229.964849	3688233.290142
250229.805655	3688233.401493
250229.645548	3688233.513887
250229.476697	3688233.619607
250229.321164	3688233.730631
250229.161271	3688233.847568
250228.998497	3688233.955948
250228.830383	3688234.059024
250228.670248	3688234.166478
250228.518845	3688234.290408
250228.351289	3688234.39611
250228.190095	3688234.507669
250228.031827	3688234.625819
250227.866944	3688234.731989
250227.703884	3688234.842091
250227.54056	3688234.950819
250227.38557	3688235.072134
250227.225157	3688235.181664
250227.055417	3688235.285046
250226.893691	3688235.394754
250226.736938	3688235.516126
250226.568551	3688235.61891
250226.41956	3688235.74444
250226.256022	3688235.854228
250226.092157	3688235.954853
250225.939176	3688236.076447
250225.800639	3688236.206415
250225.642788	3688236.328313
250225.488684	3688236.448278
250225.339904	3688236.57406
250225.188227	3688236.690975
250225.027263	3688236.80301
250224.868508	3688236.921967
250224.708224	3688237.039498
250224.55544	3688237.155021
250224.406772	3688237.285441
250224.249734	3688237.405896
250224.095545	3688237.529634
250223.948105	3688237.659576
250223.790634	3688237.773653
250223.642148	3688237.901988
250223.505299	3688238.042834
250223.34769	3688238.155001
250223.206469	3688238.293478
250223.054652	3688238.416188
250222.91002	3688238.550643
250222.769248	3688238.688764
250222.624373	3688238.81757
250222.472235	3688238.945021
250222.323027	3688239.07396
250222.17774	3688239.198944
250222.035571	3688239.335538
250221.877792	3688239.454341
250221.73134	3688239.584899
250221.581043	3688239.710694
250221.441246	3688239.851828
250221.285288	3688239.970724
250221.136024	3688240.101567
250220.988414	3688240.232434
250220.838758	3688240.357575
250220.690507	3688240.482631
250220.538064	3688240.608556
250220.385232	3688240.736439
250220.237919	3688240.869029
250220.089069	3688240.99704
250219.929109	3688241.114303
250219.788042	3688241.250774
250219.634307	3688241.375154
250219.499053	3688241.510623
250219.364042	3688241.650954
250219.232806	3688241.80118
250219.102669	3688241.94543
250218.96204	3688242.083767
250218.838019	3688242.239424
250218.711661	3688242.389785
250218.600765	3688242.555794
250218.481238	3688242.715158
250218.369669	3688242.871607
250218.261472	3688243.038524
250218.147611	3688243.201358
250218.032244	3688243.363248
250217.929382	3688243.532025
250217.820534	3688243.696198
250217.720894	3688243.869585
250217.608495	3688244.025435
250217.503168	3688244.193071
250217.403108	3688244.364766
250217.301312	3688244.528903
250217.199987	3688244.698439
250217.090427	3688244.858819
250216.986813	3688245.025642
250216.879348	3688245.192449
250216.782377	3688245.360703
250216.666957	3688245.51345
250216.570587	3688245.685669
250216.453434	3688245.842928
250216.32603	3688245.996175
250216.199457	3688246.147557
250216.082652	3688246.300157
250215.949033	3688246.43783
250215.815541	3688246.585766
250215.682794	3688246.733818
250215.529675	3688246.856974
250215.394682	3688246.998199
250215.250805	3688247.131464
250215.10112	3688247.261076
250214.953673	3688247.395395
250214.873125	3688247.449821
250214.857818	3688247.463913
